DEBUG: Constructing optimized JIT query...
DEBUG: Executing pd.read_sql with chunksize...
DEBUG: Read SQL done. Rows: 22047

バックテスト結果: 20260201 (Liveモデル使用)
マーク説明: ◎:軸1着, ○:3着以内, ★:穴馬(7人気以下)3着以内
場所   R  軸1       軸2       穴(相手)                            1軸払    軸同払    2軸払
--------------------------------------------------------------------------------------------------------------
東京   01 10(1)◎   14(4)    7(16),6(3)○,11(6),15(8)          330    0      330
東京   02 4(7)     9(2)○    13(5),11(13),2(12),12(3)○,5(11)  0      0      930
東京   03 11(1)◎   9(3)○    13(5),8(14),4(7),14(11)          0      250    250
東京   04 14(1)◎   6(4)     6(4),15(15),5(5),1(7),4(11)      0      0      0
東京   05 6(3)○    14(13)   1(15),12(10),5(14),2(7),4(16)    0      0      0
東京   06 14(2)○   6(7)     15(1)○,7(15),6(7),12(8)          1140   0      1140
東京   07 6(3)○    1(2)○    1(2)○,2(5),3(1)○,7(4)            500    220    4060
東京   08 2(3)○    10(1)◎   5(6),3(11),10(1)○,6(4),1(5)      140    140    140
東京   09 12(7)    6(2)○    11(12),7(4),8(9),9(3)○,2(5)      0      0      390
東京   10 3(4)     14(1)◎   12(15),14(1)○,2(7),7(14)         0      0      0
東京   11 8(9)     9(6)     1(7),11(16),12(5),10(2)★         0      0      0
東京   12 1(1)◎    12(16)   9(7),12(16),5(6),3(14),10(8)     0      0      0
京都   01 5(4)     10(3)○   11(13),10(3)○,8(8),7(11),3(10)   0      0      0
京都   02 14(2)○   1(8)     9(15),3(6),2(3)★,6(4),11(5)      1800   0      1800
京都   03 9(2)○    10(1)◎   1(5),8(9),10(1)○,5(10),6(3)○     800    330    1160
京都   04 12(1)◎   2(3)○    8(2)★,13(16),10(11),11(4),4(15)  6210   450    10370
京都   05 11(1)◎   3(11)    7(8),3(11),1(3)○,2(7),10(9)      260    0      260
京都   06 9(1)◎    6(5)     14(16),5(8),2(2)★,7(15),1(14)    4770   0      4770
京都   07 3(1)◎    8(2)○    4(3)○,1(4),7(6),6(8),9(9)        180    410    940
京都   08 5(4)     9(3)○    8(5),7(8),1(10),4(9)             0      0      0
京都   09 2(1)◎    4(7)     5(3)○,4(7),8(11),10(6),11(8)     430    0      430
京都   10 8(3)○    3(2)○    3(2)○,2(1)★,6(5),4(6)            1140   180    9760
京都   11 16(9)    4(4)     9(12),10(10),15(18),4(4),14(1)★  0      0      0
京都   12 6(1)◎    4(6)     3(5),4(6),5(2)○,2(7),1(3)○       960    0      960
小倉   01 3(2)○    15(8)    10(11),4(15),12(4),5(16),2(6)    0      0      0
小倉   02 3(1)◎    16(2)○   7(17),12(8),18(14),2(5)          0      900    900
小倉   03 10(5)    7(9)     5(8),11(10),12(2)★,14(7),3(11)   0      0      0
小倉   04 7(7)     5(3)○    12(8),2(6),3(11),9(1)★,11(2)○    0      0      2440
小倉   05 9(2)○    2(1)◎    13(18),10(5),8(10),17(3)○        620    1100   2690
小倉   06 15(2)○   12(5)    5(14),6(17),17(13),14(10),4(8)   0      0      0
小倉   07 10(4)    7(12)    11(14),4(2)○,8(8),5(6),13(9)     0      0      0
小倉   08 5(3)○    1(11)    10(1)○,4(5),12(7),11(4),7(10)    600    0      600
小倉   09 3(3)○    8(6)     8(6),1(5),10(7),9(1)○            400    0      400
小倉   10 3(1)◎    13(5)    1(9),13(5),2(3)○,14(7)           830    0      830
小倉   11 13(2)○   12(9)    9(11),11(4),4(5),7(7)            0      0      0
小倉   12 16(2)○   6(17)    5(10),6(17),17(16),12(13),18(3)★ 1670   0      1670

[戦略別トータル集計]
1軸設定 (軸1-相手1~5):  投資=33,400 回収=22,780 回収率=  68.2%
軸同士 (軸1-軸2):       投資=7,200 回収=3,980 回収率=  55.3%
2軸設定 (軸1,2-相手1~5): 投資=67,600 回収=47,220 回収率=  69.9%

[軸馬モデル精度 (V13)]
軸1 (1位): 勝率: 33.3%  連対率: 55.6%  複勝率: 72.2%
軸2 (2位): 勝率: 11.1%  連対率: 27.8%  複勝率: 41.7%
